0 0.4 4.7993
0.126659 0.394908 4.7993
0.253318 0.379742 4.79931
0.379977 0.354842 4.79932
0.506636 0.320784 4.79933
0.633294 0.278394 4.79935
0.759953 0.228754 4.79936
0.886612 0.173196 4.79938
1.01327 0.113275 4.79938
1.13993 0.0507258 4.79939
1.26659 -0.0126097 4.79939
1.39325 -0.0748614 4.79938
1.51991 -0.134219 4.79937
1.64657 -0.189015 4.79935
1.77322 -0.237788 4.79934
1.89988 -0.279331 4.79932
2.02654 -0.312716 4.7993
2.1532 -0.337293 4.79929
2.27986 -0.352684 4.79928
2.40652 -0.358767 4.79927
2.53318 -0.355654 4.79927
2.65984 -0.343674 4.79927
2.7865 -0.323363 4.79927
2.91315 -0.295449 4.79928
3.03981 -0.260841 4.79928
3.16647 -0.220613 4.79928
3.29313 -0.175982 4.79929
3.41979 -0.12827 4.79929
3.54645 -0.0788636 4.79929
3.67311 -0.029165 4.79928
3.79977 0.0194648 4.79928
3.92643 0.0657562 4.79927
4.05308 0.108576 4.79926
4.17974 0.146964 4.79925
4.3064 0.180149 4.79923
4.43306 0.207564 4.79922
4.55972 0.228841 4.7992
4.68638 0.243798 4.79919
4.81304 0.252427 4.79918
4.9397 0.254872 4.79917
5.06636 0.251411 4.79916
5.19301 0.242438 4.79915
5.31967 0.228445 4.79914
5.44633 0.210007 4.79914
5.57299 0.187764 4.79913
5.69965 0.162409 4.79913
5.82631 0.134666 4.79912
5.95297 0.105276 4.79912
6.07963 0.0749806 4.79911
6.20629 0.0444983 4.7991
6.33294 0.0145127 4.79909
6.4596 -0.014346 4.79908
6.58626 -0.041513 4.79907
6.71292 -0.0664994 4.79906
6.83958 -0.0888985 4.79905
6.96624 -0.108389 4.79904
7.0929 -0.124735 4.79902
7.21956 -0.137783 4.79901
7.34622 -0.147459 4.79899
7.47287 -0.15376 4.79898
7.59953 -0.156751 4.79896
7.72619 -0.156553 4.79895
7.85285 -0.153341 4.79894
7.97951 -0.147332 4.79892
8.10617 -0.138784 4.79891
8.23283 -0.127984 4.7989
8.35949 -0.115244 4.79889
8.48615 -0.100895 4.79887
8.6128 -0.085278 4.79886
8.73946 -0.068742 4.79885
8.86612 -0.0516337 4.79884
8.99278 -0.034293 4.79882
9.11944 -0.0170472 4.79881
9.2461 -0.000205569 4.7988
9.37276 0.0159454 4.79878
9.49942 0.0311462 4.79877
9.62608 0.0451674 4.79875
9.75273 0.0578121 4.79874
9.87939 0.0689176 4.79872
10.0061 0.0783561 4.79871
10.1327 0.086035 4.79869
10.2594 0.091896 4.79867
10.386 0.0959146 4.79865
10.5127 0.0980978 4.79864
10.6393 0.0984832 4.79862
10.766 0.0971358 4.7986
10.8927 0.0941467 4.79858
11.0193 0.0896299 4.79857
11.146 0.0837195 4.79855
11.2726 0.0765675 4.79853
11.3993 0.0683401 4.79851
11.526 0.0592151 4.7985
11.6526 0.0493785 4.79848
11.7793 0.0390214 4.79846
11.9059 0.0283365 4.79844
12.0326 0.0175152 4.79843
12.1593 0.00674453 4.79841
12.2859 -0.00379614 4.79839
12.4126 -0.0139375 4.79837
12.5392 -0.0235226 4.79835
12.6659 -0.0324097 4.79833
12.7925 -0.0404731 4.79831
12.9192 -0.0476052 4.79829
13.0459 -0.0537175 4.79827
13.1725 -0.0587411 4.79825
13.2992 -0.0626271 4.79823
13.4258 -0.0653467 4.79821
13.5525 -0.066891 4.79818
13.6792 -0.0672702 4.79816
13.8058 -0.066513 4.79814
13.9325 -0.0646653 4.79812
14.0591 -0.0617892 4.7981
14.1858 -0.0579617 4.79807
14.3125 -0.0532723 4.79805
14.4391 -0.0478224 4.79803
14.5658 -0.0417225 4.79801
14.6924 -0.0350904 4.79799
14.8191 -0.0280495 4.79796
14.9457 -0.0207264 4.79794
15.0724 -0.0132489 4.79792
15.1991 -0.00574375 4.7979
15.3257 0.00166524 4.79787
15.4524 0.00885909 4.79785
15.579 0.0157255 4.79782
15.7057 0.0221606 4.7978
15.8324 0.0280701 4.79778
15.959 0.033371 4.79775
16.0857 0.037992 4.79773
16.2123 0.0418748 4.7977
16.339 0.0449747 4.79768
16.4657 0.0472603 4.79765
16.5923 0.0487146 4.79762
16.719 0.0493338 4.7976
16.8456 0.0491279 4.79757
16.9723 0.0481199 4.79755
17.099 0.0463448 4.79752
17.2256 0.0438493 4.79749
17.3523 0.0406903 4.79747
17.4789 0.0369343 4.79744
17.6056 0.0326556 4.79741
17.7322 0.0279354 4.79738
17.8589 0.0228601 4.79736
17.9856 0.0175198 4.79733
18.1122 0.0120071 4.7973
18.2389 0.00641516 4.79728
18.3655 0.000836463 4.79725
18.4922 -0.00463874 4.79722
18.6189 -0.00992384 4.79719
18.7455 -0.0149372 4.79716
18.8722 -0.0196032 4.79713
18.9988 -0.0238537 4.7971
19.1255 -0.0276285 4.79707
19.2522 -0.0308763 4.79704
19.3788 -0.0335554 4.79701
19.5055 -0.0356343 4.79698
19.6321 -0.0370914 4.79695
19.7588 -0.0379159 4.79692
19.8854 -0.0381069 4.79689
20.0121 -0.0376739 4.79686
20.1388 -0.0366362 4.79683
20.2654 -0.0350224 4.7968
20.3921 -0.0328695 4.79677
20.5187 -0.0302227 4.79674
20.6454 -0.027134 4.7967
20.7721 -0.0236617 4.79667
20.8987 -0.0198689 4.79664
21.0254 -0.015823 4.79661
21.152 -0.0115938 4.79657
21.2787 -0.00725304 4.79654
21.4054 -0.00287284 4.79651
21.532 0.0014754 4.79647
21.6587 0.00572207 4.79644
21.7853 0.0098005 4.7964
21.912 0.0136479 4.79636
22.0386 0.0172064 4.79633
22.1653 0.0204236 4.79629
22.292 0.0232539 4.79626
22.4186 0.0256585 4.79622
22.5453 0.0276059 4.79618
22.6719 0.029073 4.79614
22.7986 0.0300442 4.7961
22.9253 0.0305125 4.79605
23.0519 0.0304789 4.796
23.1786 0.0299525 4.79595
23.3052 0.02895 4.79589
23.4319 0.0274954 4.79583
23.5586 0.0256197 4.79577
23.6852 0.02336 4.7957
23.8119 0.0207589 4.79563
23.9385 0.0178639 4.79556
24.0652 0.0147262 4.79548
24.1918 0.0114002 4.79541
24.3185 0.00794254 4.79533
24.4452 0.0044109 4.79525
24.5718 0.000863301 4.79517
24.6985 -0.00264293 4.79507
24.8251 -0.00605202 4.79496
24.9518 -0.00931065 4.79483
25.0785 -0.0123688 4.79468
25.2051 -0.0151803 4.7945
25.3318 -0.0177038 4.79429
25.4584 -0.0199031 4.79405
25.5851 -0.021748 4.79378
25.7118 -0.0232141 4.79349
25.8384 -0.0242836 4.79319
25.9651 -0.0249453 4.79287
26.0917 -0.0251946 4.79256
26.2184 -0.0250338 4.79224
26.345 -0.0244714 4.79193
26.4717 -0.0235224 4.79161
26.5984 -0.0222077 4.79128
26.725 -0.0205536 4.79092
26.8517 -0.0185917 4.79052
26.9783 -0.0163579 4.79004
27.105 -0.0138919 4.78948
27.2317 -0.0112367 4.78881
27.3583 -0.00843753 4.78802
27.485 -0.00554146 4.78711
27.6116 -0.00259633 4.78608
27.7383 0.000349852 4.78496
27.865 0.00324977 4.78376
27.9916 0.00605748 4.78252
28.1183 0.00872918 4.78127
28.2449 0.0112238 4.78004
28.3716 0.0135038 4.77884
28.4983 0.0155355 4.77769
28.6249 0.0172896 4.77655
28.7516 0.0187418 4.77541
28.8782 0.0198728 4.77421
29.0049 0.0206687 4.77288
29.1315 0.0211214 4.77134
29.2582 0.021228 4.76954
29.3849 0.0209914 4.76741
29.5115 0.02042 4.76491
29.6382 0.0195273 4.76204
29.7648 0.0183317 4.75883
29.8915 0.0168564 4.75533
30.0182 0.0151286 4.75162
30.1448 0.0131793 4.74781
30.2715 0.0110426 4.744
30.3981 0.00875514 4.74029
30.5248 0.00635549 4.73674
30.6515 0.00388359 4.73337
30.7781 0.00137999 4.73017
30.9048 -0.00111474 4.72705
31.0314 -0.0035607 4.7239
31.1581 -0.00591925 4.72054
31.2847 -0.00815365 4.71679
31.4114 -0.0102296 4.71248
31.5381 -0.0121157 4.70745
31.6647 -0.0137842 4.70161
31.7914 -0.0152108 4.69491
31.918 -0.0163756 4.68741
32.0447 -0.0172632 4.67921
32.1714 -0.0178626 4.67051
32.298 -0.0181678 4.66156
32.4247 -0.0181772 4.65259
32.5513 -0.0178944 4.64386
32.678 -0.0173272 4.63556
32.8047 -0.0164881 4.62782
32.9313 -0.0153937 4.62063
33.058 -0.0140646 4.61393
33.1846 -0.0125248 4.6075
33.3113 -0.0108013 4.60107
33.4379 -0.00892405 4.5943
33.5646 -0.00692475 4.58683
33.6913 -0.00483689 4.57833
33.8179 -0.00269494 4.56854
33.9446 -0.000533844 4.55731
34.0712 0.00161153 4.54464
34.1979 0.00370698 4.53064
34.3246 0.00571947 4.51559
34.4512 0.00761769 4.49986
34.5779 0.00937249 4.48391
34.7045 0.0109573 4.46819
34.8312 0.0123487 4.45313
34.9579 0.0135265 4.43907
35.0845 0.0144742 4.42619
35.2112 0.0151791 4.41454
35.3378 0.0156325 4.40395
35.4645 0.01583 4.39413
35.5911 0.0157712 4.38462
35.7178 0.0154597 4.37488
35.8445 0.0149033 4.36437
35.9711 0.0141136 4.35256
36.0978 0.0131055 4.33905
36.2244 0.0118977 4.32359
36.3511 0.0105116 4.30612
36.4778 0.00897119 4.28679
36.6044 0.00730286 4.26595
36.7311 0.00553466 4.24411
36.8577 0.00369595 4.22189
36.9844 0.00181691 4.19994
37.1111 -7.19158e-05 4.1789
37.2377 -0.00194018 4.15929
37.3644 -0.00375817 4.14146
37.491 -0.00549726 4.12555
37.6177 -0.00713042 4.1115
37.7443 -0.00863257 4.09898
37.871 -0.00998097 4.0875
37.9977 -0.0111556 4.07642
38.1243 -0.0121394 4.06503
38.251 -0.0129185 4.05262
38.3776 -0.0134826 4.03858
38.5043 -0.0138247 4.02245
38.631 -0.0139415 4.00398
38.7576 -0.0138335 3.98315
38.8843 -0.0135046 3.9602
39.0109 -0.0129622 3.93559
39.1376 -0.0122171 3.90995
39.2643 -0.0112833 3.88403
39.3909 -0.0101775 3.8586
39.5176 -0.00891905 3.8344
39.6442 -0.00752967 3.81202
39.7709 -0.00603283 3.79189
39.8976 -0.00445353 3.77416
40.0242 -0.00281787 3.75878
40.1509 -0.00115257 3.74541
40.2775 0.000515417 3.73351
40.4042 0.00215935 3.7224
40.5308 0.00375314 3.71129
40.6575 0.00527173 3.69938
40.7842 0.00669152 3.68599
40.9108 0.0079907 3.67054
41.0375 0.0091496 3.65268
41.1641 0.010151 3.6323
41.2908 0.0109803 3.60956
41.4175 0.0116258 3.58484
41.5441 0.0120789 3.55873
41.6708 0.0123342 3.53197
41.7974 0.0123892 3.50534
41.9241 0.0122451 3.47966
42.0508 0.011906 3.45562
42.1774 0.0113789 3.43375
42.3041 0.0106741 3.41441
42.4307 0.00980453 3.39766
42.5574 0.00878548 3.38337
42.684 0.00763467 3.37112
42.8107 0.00637168 3.36034
42.9374 0.00501775 3.3503
43.064 0.00359536 3.34021
43.1907 0.00212792 3.32931
43.3173 0.000639304 3.31691
43.444 -0.000846447 3.30248
43.5707 -0.00230556 3.28569
43.6973 -0.00371491 3.26645
43.824 -0.00505235 3.2449
43.9506 -0.00629709 3.22142
44.0773 -0.00743001 3.19656
44.204 -0.00843394 3.17103
44.3306 -0.00929393 3.14558
44.4573 -0.00999745 3.12096
44.5839 -0.0105346 3.09786
44.7106 -0.0108983 3.07682
44.8372 -0.0110841 3.0582
44.9639 -0.0110907 3.04212
45.0906 -0.0109194 3.0285
45.2172 -0.0105747 3.01702
45.3439 -0.0100635 3.00719
45.4705 -0.00939554 2.99836
45.5972 -0.00858275 2.98982
45.7239 -0.00763947 2.98084
45.8505 -0.0065819 2.97076
45.9772 -0.00542796 2.95901
46.1038 -0.00419693 2.9452
46.2305 -0.00290913 2.92915
46.3572 -0.00158561 2.91087
46.4838 -0.000247763 2.8906
46.6105 0.00108296 2.86875
46.7371 0.00238545 2.84589
46.8638 0.00363924 2.82268
46.9904 0.00482485 2.79981
47.1171 0.00592402 2.77793
47.2438 0.00692008 2.75763
47.3704 0.00779807 2.73934
47.4971 0.00854508 2.72333
47.6237 0.00915031 2.70965
47.7504 0.0096053 2.69819
47.8771 0.00990395 2.68861
48.0037 0.0100427 2.68046
48.1304 0.0100204 2.67315
48.257 0.0098384 2.66603
48.3837 0.00950063 2.65849
48.5104 0.00901329 2.64992
48.637 0.00838489 2.63984
48.7637 0.00762608 2.62793
48.8903 0.00674951 2.61403
49.017 0.0057696 2.59814
49.1436 0.00470238 2.58048
49.2703 0.00356524 2.56141
49.397 0.00237664 2.5414
49.5236 0.00115588 2.52104
49.6503 -7.72251e-05 2.50091
49.7769 -0.00130262 2.4816
49.9036 -0.00250035 2.46363
50.0303 -0.00365086 2.44737
50.1569 -0.00473532 2.4331
50.2836 -0.00573599 2.42091
50.4102 -0.00663644 2.4107
50.5369 -0.00742193 2.40225
50.6636 -0.00807962 2.39517
50.7902 -0.00859888 2.38899
50.9169 -0.00897144 2.38317
51.0435 -0.0091916 2.37716
51.1702 -0.00925634 2.37042
51.2969 -0.0091654 2.36252
51.4235 -0.00892132 2.35312
51.5502 -0.0085294 2.34202
51.6768 -0.0079976 2.32918
51.8035 -0.00733639 2.3147
51.9301 -0.00655858 2.29885
52.0568 -0.00567905 2.28199
52.1835 -0.00471445 2.26457
52.3101 -0.00368285 2.2471
52.4368 -0.00260338 2.23008
52.5634 -0.0014958 2.21399
52.6901 -0.000380139 2.19922
52.8168 0.000723777 2.18606
52.9434 0.00179672 2.17465
53.0701 0.00282047 2.16502
53.1967 0.00377819 2.15705
53.3234 0.00465471 2.15048
53.4501 0.0054369 2.14496
53.5767 0.00611382 2.14006
53.7034 0.00667695 2.13533
53.83 0.00712026 2.13029
53.9567 0.00744024 2.12451
54.0833 0.00763587 2.11766
54.21 0.00770854 2.10946
54.3367 0.00766185 2.09979
54.4633 0.00750139 2.08865
54.59 0.00723452 2.07615
54.7166 0.00686998 2.06252
54.8433 0.00641762 2.0481
54.97 0.00588804 2.03327
55.0966 0.00529228 2.01847
55.2233 0.00464145 2.00411
55.3499 0.00394646 1.99059
55.4766 0.00321779 1.97822
55.6033 0.00246525 1.96723
55.7299 0.00169785 1.95775
55.8566 0.000923763 1.94977
55.9832 0.000150231 1.94319
56.1099 -0.000616343 1.9378
56.2365 -0.0013703 1.93329
56.3632 -0.00210658 1.92931
56.4899 -0.00282051 1.92546
56.6165 -0.00350763 1.92136
56.7432 -0.00416344 1.91666
56.8698 -0.00478316 1.91104
56.9965 -0.00536158 1.9043
57.1232 -0.00589284 1.89633
57.2498 -0.00637035 1.88709
57.3765 -0.00678675 1.87669
57.5031 -0.00713393 1.86532
57.6298 -0.00740309 1.85323
57.7565 -0.00758501 1.84076
57.8831 -0.00767025 1.82825
58.0098 -0.00764953 1.81606
58.1364 -0.00751413 1.80453
58.2631 -0.00725637 1.79392
58.3897 -0.00687007 1.78445
58.5164 -0.00635106 1.77623
58.6431 -0.0056977 1.7693
58.7697 -0.0049113 1.76357
58.8964 -0.00399656 1.75889
59.023 -0.00296184 1.75503
59.1497 -0.00181938 1.7517
59.2764 -0.000585385 1.74857
59.403 0.000720057 1.74533
59.5297 0.00207317 1.74166
59.6563 0.00344687 1.73729
59.783 0.00481127 1.73203
59.9097 0.0061344 1.72574
59.9996 0.00703052 1.72063
